0
0 1,5 0
1,5
0,9 0,9 0,9
0,24 0,1 0,07
0,1 0,60 0,22
0,62 0,55 0,2
51
0
0 3,5 0
1
0,9 0,9 0,9
0,24 0,1 0,07
0,1 0,60 0,22
0,62 0,55 0,2
51
0
0 4,75 0
0,5
0,9 0,9 0,9
0,24 0,1 0,07
0,1 0,60 0,22
0,62 0,55 0,2
51
0
0,37 5 0,3
0,05
0,1 0,1 0,1
0,24 0,1 0,07
0,1 0,60 0,22
0,62 0,55 0,2
51
0
0,37 5 -0,3
0,05
0,1 0,1 0,1
0,24 0,1 0,07
0,1 0,60 0,22
0,62 0,55 0,2
51
0
0,5 0 0,5
0,2
0 0,5 0
0,24 0,1 0,07
0,1 0,60 0,22
0,62 0,55 0,2
51
0
0,5 0 -0,5
0,2
0 0,5 0
0,24 0,1 0,07
0,1 0,60 0,22
0,62 0,55 0,2
51
1
0,8 4,75 0
0,6 0,1 0,1
1 0,27 0
0,5 0 0,1
0,5 0,5 0,5
0,5 0,5 0,05
0,62 0,2 0,05
14
1
0 5,2 0
1 0,1 1
0 0 0
0,5 0 0,1
0,5 0,5 0,5
0,5 0,5 0,05
0,62 0,2 0,05
14
1
0 5,75 0
0,5 1 0,5
0 0 0
0,5 0 0,1
0,5 0,5 0,5
0,5 0,5 0,05
0,62 0,2 0,05
14
2
0 1 0
0 0 0
0 0 0,5
0,24 0,1 0,07
0,1 0,60 0,22
0,62 0,55 0,2
12